Webots Project File version R2025a
perspectives: 000000ff00000000fd00000002000000010000011c000002a1fc0200000001fb0000001400540065007800740045006400690074006f00720000000000000002a10000004500ffffff000000030000056f0000013cfc0100000001fb0000001a0043006f006e0073006f006c00650041006c006c0041006c006c0300000034000001db0000056d000001a90000056e0000032e00000001000000020000000100000008fc00000000
simulationViewPerspectives: 000000ff0000000100000002000001140000045e0100000002010000000100
sceneTreePerspectives: 000000ff00000001000000030000001e000000c0000000fa0100000002010000000200
minimizedPerspectives: 000000ff00000000fd00000002000000010000069000000147fc0200000001fb0000001400540065007800740045006400690074006f00720100000000000001470000008a00ffffff00000003000006900000022efc0100000001fb0000001a0043006f006e0073006f006c00650041006c006c0041006c006c0100000000000006900000008700ffffff000000000000014700000001000000020000000100000008fc00000000
maximizedDockId: -1
centralWidgetVisible: 1
orthographicViewHeight: 1
textFiles: -1
consoles: Console:All:All
renderingDevicePerspectives: rosbot:camera depth;0;0.0666667;0;0
renderingDevicePerspectives: rosbot:camera rgb;0;0.0666667;0;0
