Webots Project File version R2025a
perspectives: 000000ff00000000fd00000002000000010000025000000331fc0200000001fb0000001400540065007800740045006400690074006f00720000000015000003310000004500ffffff0000000300000690000000e9fc0100000001fb0000001a0043006f006e0073006f006c00650041006c006c0041006c006c0100000000000006900000008700ffffff000006900000029800000001000000020000000100000008fc00000000
simulationViewPerspectives: 000000ff0000000100000002000001ed000004a10100000002010000000100
sceneTreePerspectives: 000000ff00000001000000030000001e000000c0000000fa0100000002010000000200
maximizedDockId: -1
centralWidgetVisible: 1
orthographicViewHeight: 1
textFiles: -1
consoles: Console:All:All
renderingDevicePerspectives: rosbot:camera depth;0;0.895833;0;0
renderingDevicePerspectives: rosbot:camera rgb;0;0.895833;0;0
